 BaseFeatures
+----+-----------------+-------------------+----------------------+-------------------+--------------------------+-------------------+--------------------+--------------------+--------------------+--------------------+--------------------+--------------------+--------------------+---------------------+--------------------+--------------------+--------------------+-----------------------+
|    |   mean_fit_time |   param_max_depth |   param_n_estimators |   param_subsample |   param_colsample_bytree |   mean_test_nDCG5 |   mean_test_AU_acc |   mean_test_CA_acc |   mean_test_DE_acc |   mean_test_ES_acc |   mean_test_FR_acc |   mean_test_GB_acc |   mean_test_IT_acc |   mean_test_NDF_acc |   mean_test_NL_acc |   mean_test_PT_acc |   mean_test_US_acc |   mean_test_other_acc |
|----+-----------------+-------------------+----------------------+-------------------+--------------------------+-------------------+--------------------+--------------------+--------------------+--------------------+--------------------+--------------------+--------------------+---------------------+--------------------+--------------------+--------------------+-----------------------|
|  0 |         86.9261 |                 3 |                  200 |               0.5 |                      0.5 |          0.823708 |                  0 |                  0 |                  0 |                  0 |                  0 |                  0 |                  0 |            0.858997 |                  0 |                  0 |           0.43839  |                     0 |
|  1 |        110.942  |                 4 |                  200 |               0.5 |                      0.5 |          0.823368 |                  0 |                  0 |                  0 |                  0 |                  0 |                  0 |                  0 |            0.856508 |                  0 |                  0 |           0.441067 |                     0 |
|  2 |         106.287 |                 4 |                  200 |               0.5 |                      0.5 |          0.823368 |                  0 |                  0 |                  0 |                  0 |                  0 |                  0 |                  0 |            0.856508 |                  0 |                  0 |           0.441067 |                     0 |
|  3 |         132.663 |                 5 |                  200 |               0.5 |                      0.5 |          0.823201 |                  0 |                  0 |                  0 |                  0 |                  0 |                  0 |                  0 |            0.856026 |                  0 |                  0 |           0.440522 |                     0 |
|  4 |         82.7408 |                 4 |                  150 |               0.5 |                      0.5 |          0.823316 |                  0 |                  0 |                  0 |                  0 |                  0 |                  0 |                  0 |            0.859711 |                  0 |                  0 |            0.43334 |                     0 |
+----+-----------------+-------------------+----------------------+-------------------+--------------------------+-------------------+--------------------+--------------------+--------------------+--------------------+--------------------+--------------------+--------------------+---------------------+--------------------+--------------------+--------------------+-----------------------+


 AgeGender
+----+-----------------+-------------------+----------------------+-------------------+--------------------------+-------------------+--------------------+--------------------+--------------------+--------------------+--------------------+--------------------+--------------------+---------------------+--------------------+--------------------+--------------------+-----------------------+
|    |   mean_fit_time |   param_max_depth |   param_n_estimators |   param_subsample |   param_colsample_bytree |   mean_test_nDCG5 |   mean_test_AU_acc |   mean_test_CA_acc |   mean_test_DE_acc |   mean_test_ES_acc |   mean_test_FR_acc |   mean_test_GB_acc |   mean_test_IT_acc |   mean_test_NDF_acc |   mean_test_NL_acc |   mean_test_PT_acc |   mean_test_US_acc |   mean_test_other_acc |
|----+-----------------+-------------------+----------------------+-------------------+--------------------------+-------------------+--------------------+--------------------+--------------------+--------------------+--------------------+--------------------+--------------------+---------------------+--------------------+--------------------+--------------------+-----------------------|
|  0 |         32.6617 |                 2 |                   75 |               0.5 |                      0.5 |          0.812634 |                  0 |                  0 |                  0 |                  0 |                  0 |                  0 |                  0 |            0.945866 |                  0 |                  0 |           0.162899 |                     0 |
|  1 |         30.7252 |                 2 |                   75 |               0.7 |                      0.5 |          0.812652 |                  0 |                  0 |                  0 |                  0 |                  0 |                  0 |                  0 |            0.945898 |                  0 |                  0 |           0.162835 |                     0 |
|  2 |         41.2524 |                 3 |                   75 |               0.5 |                      0.5 |          0.811043 |                  0 |                  0 |                  0 |                  0 |                  0 |                  0 |                  0 |            0.906242 |                  0 |                  0 |           0.226978 |                     0 |
|  3 |         40.2009 |                 3 |                   75 |               0.7 |                      0.5 |          0.81117  |                  0 |                  0 |                  0 |                  0 |                  0 |                  0 |                  0 |            0.909671 |                  0 |                  0 |           0.221576 |                     0 |
|  4 |         32.1709 |                 2 |                   75 |               0.5 |                      0.5 |          0.812634 |                  0 |                  0 |                  0 |                  0 |                  0 |                  0 |                  0 |            0.945866 |                  0 |                  0 |           0.162899 |                     0 |
|  5 |         64.9964 |                 2 |                  150 |               0.5 |                      0.5 |          0.810824 |                  0 |                  0 |                  0 |                  0 |                  0 |                  0 |                  0 |            0.903199 |                  0 |                  0 |           0.23105  |                     0 |
|  6 |         44.0844 |                 3 |                   75 |               0.5 |                      0.5 |          0.811043 |                  0 |                  0 |                  0 |                  0 |                  0 |                  0 |                  0 |            0.906242 |                  0 |                  0 |           0.226978 |                     0 |
|  7 |         85.1722 |                 3 |                  150 |               0.5 |                      0.5 |          0.810611 |                  0 |                  0 |                  0 |                  0 |                  0 |                  0 |                  0 |            0.900035 |                  0 |                  0 |           0.23586  |                     0 |
|  8 |         10.0924 |                 2 |                   25 |               0.5 |                      0.5 |          0.809502 |                  0 |                  0 |                  0 |                  0 |                  0 |                  0 |                  0 |            0.985105 |                  0 |                  0 |          0.0555662 |                     0 |
|  9 |         21.6148 |                 2 |                   50 |               0.5 |                      0.5 |          0.813422 |                  0 |                  0 |                  0 |                  0 |                  0 |                  0 |                  0 |            0.964181 |                  0 |                  0 |          0.133657  |                     0 |
+----+-----------------+-------------------+----------------------+-------------------+--------------------------+-------------------+--------------------+--------------------+--------------------+--------------------+--------------------+--------------------+--------------------+---------------------+--------------------+--------------------+--------------------+-----------------------+


DAC_TFA
+----+-----------------+-------------------+----------------------+-------------------+--------------------------+-------------------+--------------------+--------------------+--------------------+--------------------+--------------------+--------------------+--------------------+---------------------+--------------------+--------------------+--------------------+-----------------------+
|    |   mean_fit_time |   param_max_depth |   param_n_estimators |   param_subsample |   param_colsample_bytree |   mean_test_nDCG5 |   mean_test_AU_acc |   mean_test_CA_acc |   mean_test_DE_acc |   mean_test_ES_acc |   mean_test_FR_acc |   mean_test_GB_acc |   mean_test_IT_acc |   mean_test_NDF_acc |   mean_test_NL_acc |   mean_test_PT_acc |   mean_test_US_acc |   mean_test_other_acc |
|----+-----------------+-------------------+----------------------+-------------------+--------------------------+-------------------+--------------------+--------------------+--------------------+--------------------+--------------------+--------------------+--------------------+---------------------+--------------------+--------------------+--------------------+-----------------------|
|  0 |         21.0758 |                 1 |                   75 |               0.7 |                      0.5 |          0.572123 |                  0 |                  0 |           0.332392 |                  0 |         0.00079602 |                  0 |                  0 |            0.668915 |                  0 |          0         |         0.00160318 |                     0 |
|  1 |         18.8788 |                 1 |                   75 |               0.9 |                      0.5 |          0.572127 |                  0 |                  0 |           0.332392 |                  0 |         0.00119403 |                  0 |                  0 |            0.668915 |                  0 |          0         |         0.00160318 |                     0 |
|  2 |         26.6011 |                 2 |                   75 |               0.7 |                      0.5 |          0.486911 |                  0 |                  0 |           0.332392 |                  0 |         0.00079602 |                  0 |                  0 |            0.531531 |                  0 |          0.0231481 |         0.00205207 |                     0 |
|  3 |         22.1225 |                 2 |                   75 |               0.9 |                      0.5 |          0.440449 |                  0 |                  0 |           0.332392 |                  0 |         0.00079602 |                  0 |                  0 |            0.294375 |                  0 |          0.333333  |         0.00197191 |                     0 |
|  4 |         13.9301 |                 1 |                   50 |               0.5 |                      0.5 |          0.572858 |                  0 |                  0 |           0.332392 |                  0 |         0.00079602 |                  0 |                  0 |            0.668915 |                  0 |                  0 |         0.00160318 |                     0 |
|  5 |         21.056  |                 1 |                   75 |               0.5 |                      0.5 |          0.572226 |                  0 |                  0 |           0.332392 |                  0 |         0.00079602 |                  0 |                  0 |            0.668915 |                  0 |                  0 |         0.00160318 |                     0 |
|  6 |         27.2609 |                 1 |                  100 |               0.5 |                      0.5 |          0.561208 |                  0 |                  0 |           0.332392 |                  0 |         0.00079602 |                  0 |                  0 |            0.668915 |                  0 |                  0 |         0.00160318 |                     0 |
|  7 |         7.57162 |                 2 |                   25 |               0.5 |                      0.3 |          0.62245  |                  0 |                  0 |           0.332392 |                  0 |         0.00079602 |                  0 |                  0 |            0.620947 |                  0 |                  0 |         0.00147493 |                     0 |
|  8 |        16.099   |                 2 |                   50 |               0.5 |                      0.3 |          0.58563  |                  0 |                  0 |           0.332392 |                  0 |         0.00079602 |                  0 |                  0 |            0.613207 |                  0 |                  0 |         0.00198794 |                     0 |
|  9 |         8.46589 |                 2 |                   25 |               0.5 |                      0.5 |          0.542236 |                  0 |                  0 |           0.332392 |                  0 |         0.00079602 |                  0 |                  0 |            0.623155 |                  0 |                  0 |         0.00160318 |                     0 |
|  0 |        16.8405  |                 2 |                   50 |               0.5 |                      0.5 |          0.513467 |                  0 |                  0 |           0.332392 |                  0 |         0.00079602 |                  0 |                  0 |            0.615439 |                  0 |                  0 |         0.00205207 |                     0 |
|  1 |         31.2836 |                 2 |                  100 |               0.9 |                      0.5 |          0.416193 |                  0 |                  0 |           0.332392 |                  0 |         0.00179164 |                  0 |                  0 |            0.218601 |                  0 |           0.333333 |         0.00202001 |                     0 |
|  2 |         35.1071 |                 2 |                  100 |               0.9 |                      0.7 |          0.410582 |                  0 |                  0 |           0.332392 |                  0 |         0.00179164 |                  0 |                  0 |            0.219452 |                  0 |           0.333333 |         0.00203604 |                     0 |
|  3 |         7.47543 |                 2 |                   25 |               0.9 |                      0.5 |          0.476022 |                  0 |                  0 |           0.332392 |                  0 |         0.00079602 |                  0 |                  0 |            0.301296 |                  0 |           0.333333 |         0.00160318 |                     0 |
|  4 |        15.8122  |                 2 |                   50 |               0.9 |                      0.5 |          0.44842  |                  0 |                  0 |           0.332392 |                  0 |         0.00079602 |                  0 |                  0 |            0.294375 |                  0 |           0.333333 |         0.00202001 |                     0 |
|  5 |        22.9763  |                 2 |                   75 |               0.9 |                      0.5 |          0.440449 |                  0 |                  0 |           0.332392 |                  0 |         0.00079602 |                  0 |                  0 |            0.294375 |                  0 |           0.333333 |         0.00197191 |                     0 |
+----+-----------------+-------------------+----------------------+-------------------+--------------------------+-------------------+--------------------+--------------------+--------------------+--------------------+--------------------+--------------------+--------------------+---------------------+--------------------+--------------------+--------------------+-----------------------+


Actions
+----+-----------------+-------------------+----------------------+-------------------+--------------------------+-------------------+--------------------+--------------------+--------------------+--------------------+--------------------+--------------------+--------------------+---------------------+--------------------+--------------------+--------------------+-----------------------+
|    |   mean_fit_time |   param_max_depth |   param_n_estimators |   param_subsample |   param_colsample_bytree |   mean_test_nDCG5 |   mean_test_AU_acc |   mean_test_CA_acc |   mean_test_DE_acc |   mean_test_ES_acc |   mean_test_FR_acc |   mean_test_GB_acc |   mean_test_IT_acc |   mean_test_NDF_acc |   mean_test_NL_acc |   mean_test_PT_acc |   mean_test_US_acc |   mean_test_other_acc |
|----+-----------------+-------------------+----------------------+-------------------+--------------------------+-------------------+--------------------+--------------------+--------------------+--------------------+--------------------+--------------------+--------------------+---------------------+--------------------+--------------------+--------------------+-----------------------|
|  0 |         33.6298 |                 3 |                  100 |               0.5 |                      0.5 |          0.76243  |                  0 |                  0 |                  0 |                  0 |                  0 |                  0 |                  0 |            0.99287  |                  0 |                  0 |                  0 |            0.00297265 |
|  1 |         44.3121 |                 4 |                  100 |               0.5 |                      0.5 |          0.758414 |                  0 |                  0 |                  0 |                  0 |                  0 |                  0 |                  0 |            0.992075 |                  0 |                  0 |                  0 |            0.00485533 |
|  2 |         33.1242 |                 1 |                  100 |               0.5 |                      0.5 |          0.788392 |                  0 |                  0 |                  0 |                  0 |                  0 |                  0 |                  0 |            0.998169 |                  0 |                  0 |                  0 |           0           |
|  3 |         26.7994 |                 2 |                  100 |               0.5 |                      0.5 |          0.770464 |                  0 |                  0 |                  0 |                  0 |                  0 |                  0 |                  0 |            0.995592 |                  0 |                  0 |                  0 |           0.000792707 |
|  4 |         11.2267 |                 1 |                   50 |               0.5 |                      0.5 |          0.791005 |                  0 |                  0 |                  0 |                  0 |                  0 |                  0 |                  0 |            0.998852 |                  0 |                  0 |                  0 |           0           |
|  5 |         34.3339 |                 1 |                  150 |               0.5 |                      0.5 |          0.786512 |                  0 |                  0 |                  0 |                  0 |                  0 |                  0 |                  0 |            0.997206 |                  0 |                  0 |                  0 |           9.90884e-05 |
|  6 |         5.86783 |                 1 |                   25 |               0.3 |                      0.3 |          0.790525 |                  0 |                  0 |                  0 |                  0 |                  0 |                  0 |                  0 |            0.99894  |                  0 |                  0 |                  0 |                     0 |
|  7 |        14.3613  |                 1 |                   25 |               0.5 |                      0.3 |          0.793564 |                  0 |                  0 |                  0 |                  0 |                  0 |                  0 |                  0 |            0.99894  |                  0 |                  0 |                  0 |                     0 |
|  8 |        10.7163  |                 1 |                   50 |               0.3 |                      0.3 |          0.792505 |                  0 |                  0 |                  0 |                  0 |                  0 |                  0 |                  0 |            0.998747 |                  0 |                  0 |                  0 |                     0 |
|  9 |        12.3174  |                 1 |                   50 |               0.5 |                      0.3 |          0.793483 |                  0 |                  0 |                  0 |                  0 |                  0 |                  0 |                  0 |            0.998804 |                  0 |                  0 |                  0 |                     0 |
|  0 |         5.94097 |                 1 |                   25 |               0.3 |                      0.5 |          0.785808 |                  0 |                  0 |                  0 |                  0 |                  0 |                  0 |                  0 |            0.998884 |                  0 |                  0 |                  0 |                     0 |
|  1 |         8.23109 |                 1 |                   25 |               0.5 |                      0.5 |          0.791165 |                  0 |                  0 |                  0 |                  0 |                  0 |                  0 |                  0 |            0.998884 |                  0 |                  0 |                  0 |                     0 |
|  2 |        12.8813  |                 1 |                   50 |               0.3 |                      0.5 |          0.791068 |                  0 |                  0 |                  0 |                  0 |                  0 |                  0 |                  0 |            0.998788 |                  0 |                  0 |                  0 |                     0 |
|  3 |        12.4487  |                 1 |                   50 |               0.5 |                      0.5 |          0.791005 |                  0 |                  0 |                  0 |                  0 |                  0 |                  0 |                  0 |            0.998852 |                  0 |                  0 |                  0 |                     0 |
+----+-----------------+-------------------+----------------------+-------------------+--------------------------+-------------------+--------------------+--------------------+--------------------+--------------------+--------------------+--------------------+--------------------+---------------------+--------------------+--------------------+--------------------+-----------------------+
